Class	SMPL0	SMPL1	SMPL10	SMPL11	SMPL12	SMPL13	SMPL14	SMPL15	SMPL16	SMPL17	SMPL18	SMPL19	SMPL2	SMPL20	SMPL21	SMPL22	SMPL23	SMPL24	SMPL25	SMPL26	SMPL27	SMPL28	SMPL29	SMPL3	SMPL30	SMPL31	SMPL32	SMPL33	SMPL34	SMPL35	SMPL36	SMPL37	SMPL38	SMPL39	SMPL4	SMPL40	SMPL41	SMPL42	SMPL43	SMPL44	SMPL45	SMPL46	SMPL47	SMPL48	SMPL49	SMPL5	SMPL50	SMPL51	SMPL52	SMPL53	SMPL54	SMPL55	SMPL56	SMPL57	SMPL58	SMPL59	SMPL6	SMPL7	SMPL8	SMPL9
Archaea;Crenarchaeota;Nitrososphaeria	0	0	0	0	0	0	0	0	223	0	0	0	0	0	0	0	0	0	0	0	0	0	0	0	0	0	0	0	0	0	0	0	0	0	0	0	0	0	0	0	0	0	0	0	0	0	0	0	0	0	0	0	0	0	0	0	0	0	0	0
Archaea;Euryarchaeota;Methanobacteria	0	0	0	0	0	0	0	0	0	0	0	0	0	0	0	0	0	0	0	0	0	0	0	36	0	0	0	0	905	0	0	1154	595	0	0	0	0	0	2305	0	386	0	0	0	2	0	0	109	0	0	0	0	0	0	0	0	0	0	0	0
Bacteria;?;?	0	0	0	0	0	0	0	1	11051	0	0	2	0	0	0	0	0	3	0	0	0	0	0	43819	0	0	0	0	0	0	157	0	0	0	185	3241	0	0	0	0	525	0	0	0	0	0	0	545	0	0	0	0	0	0	0	0	0	1	0	0
Bacteria;Acidobacteria;Acidobacteriia	0	0	0	0	0	0	0	0	17	0	0	0	0	0	0	0	0	0	0	0	0	0	0	0	0	0	0	0	0	0	0	0	0	0	0	0	0	0	0	0	0	0	0	0	0	0	0	0	0	0	0	0	0	0	0	0	0	0	0	0
Bacteria;Acidobacteriota;?	0	0	0	0	0	0	0	0	240	0	0	0	0	0	0	0	0	0	0	0	0	0	0	0	0	0	0	0	0	0	0	0	0	0	0	0	0	0	0	0	0	0	0	0	0	0	0	0	0	0	0	0	0	0	0	0	0	0	0	0
Bacteria;Acidobacteriota;Acidobacteriae	0	0	0	0	0	0	0	0	823	0	0	0	0	0	0	0	0	0	0	0	0	0	0	0	0	0	0	0	0	0	0	0	0	0	0	0	0	0	0	0	0	0	0	0	0	0	0	0	0	0	0	0	0	0	0	0	0	0	0	0
Bacteria;Acidobacteriota;Blastocatellia	0	0	0	0	0	0	0	0	64	0	0	0	0	0	0	0	0	0	0	0	0	0	0	0	0	0	0	0	0	0	0	0	0	0	0	0	0	0	0	0	0	0	0	0	0	0	0	0	0	0	0	0	0	0	0	0	0	0	0	0
Bacteria;Acidobacteriota;Holophagae	0	0	0	0	0	0	0	0	201	0	0	0	0	0	0	0	0	0	0	0	0	0	0	0	0	0	0	0	0	0	0	0	0	0	0	0	0	0	0	0	0	0	0	0	0	0	0	0	0	0	0	0	0	0	0	0	0	0	0	0
Bacteria;Acidobacteriota;Subgroup 18	0	0	0	0	0	0	0	0	20	0	0	0	0	0	0	0	0	0	0	0	0	0	0	0	0	0	0	0	0	0	0	0	0	0	0	0	0	0	0	0	0	0	0	0	0	0	0	0	0	0	0	0	0	0	0	0	0	0	0	0
Bacteria;Acidobacteriota;Vicinamibacteria	0	0	0	0	0	0	0	0	139	0	0	0	0	0	0	0	0	0	0	0	0	0	0	0	0	0	0	0	0	0	0	0	0	0	0	0	0	0	0	0	0	0	0	0	0	0	0	0	0	0	0	0	0	0	0	0	0	0	0	0
Bacteria;Actinobacteria;Actinobacteria	873	1591	2	0	5440	2	0	57	793	22	0	2	93	2	4	112	1	0	1	614	2	3	896	4	0	58	2908	0	29	1	1	820	1292	2	25	0	0	1	5173	84	13	1	0	0	2064	2	3	47	6	1789	0	3	3	4432	8	5268	0	0	1904	2692
Bacteria;Actinobacteriota;?	62	0	0	0	0	0	16	113	136	0	1	0	36	0	0	0	0	0	0	0	0	0	1	28	0	1	0	0	5	3	0	9	4	6	0	0	0	0	0	3	8	0	1	0	0	5	0	1	3502	4	4	0	0	1	6	0	0	4	3	5
Bacteria;Actinobacteriota;Acidimicrobiia	0	0	0	0	0	0	0	0	549	0	0	0	0	0	0	0	0	0	0	0	0	0	0	0	0	0	0	0	0	0	0	0	0	3	0	0	0	0	0	0	0	0	0	0	0	0	0	0	0	0	0	0	0	0	0	0	0	0	0	0
Bacteria;Actinobacteriota;Actinobacteria	2336	1087	16	15424	20008	1183	16591	21608	5096	63447	2361	20563	7234	87	2634	20292	812	1540	1749	13764	418	22988	3433	7279	70	14787	28	17807	211	6989	13678	24663	1705	551	43131	333	14	29	3885	5558	2809	8672	3134	16426	2046	7992	8940	1831	12069	523	10812	128	2509	8284	22214	3303	14581	21	2240	7568
Bacteria;Actinobacteriota;Coriobacteriia	6842	483	1	2735	0	0	1016	2573	9951	0	838	0	16138	0	328	0	1	1	27767	61	2279	562	6875	6599	1	5299	1389	878	2583	8480	51	26680	3169	5686	8	776	14	161	571	3155	10515	3	2167	6	451	1028	67	529	7	1069	2296	2350	98	9329	4851	1408	1	189	6134	1327
Bacteria;Actinobacteriota;MB-A2-108	0	0	0	0	0	0	0	0	169	0	0	0	0	0	0	0	0	0	0	0	0	0	0	0	0	0	0	0	0	0	0	0	0	0	0	0	0	0	0	0	0	0	0	0	0	0	0	0	0	0	0	0	0	0	0	0	0	0	0	0
Bacteria;Actinobacteriota;Thermoleophilia	0	0	0	0	0	0	0	0	793	0	0	0	0	0	0	0	0	0	0	0	0	0	0	0	0	0	0	0	0	0	0	0	0	0	0	0	0	0	0	0	0	0	0	0	0	0	0	0	0	0	0	0	0	0	0	0	0	0	0	0
Bacteria;Bacteroidetes;Bacteroidia	794	46	0	0	9	27	163	387	11	1	210	0	263	0	135	28	0	0	0	3	37	22	13	565	0	7	3	26	16	28	7	14	3	14	0	3	0	8	8	6	36	1	64	1	17	464	19	9	29	20	6	0	54	13	34	25	291	61	171	687
Bacteria;Bacteroidota;?	129	1	0	0	0	0	72	0	2	0	16	0	54	0	2	0	0	0	0	0	0	0	6	10	0	0	0	0	0	1	0	0	0	0	0	0	0	0	0	3	0	0	3	0	0	60	2	0	0	3	1	3	0	5	4	2	0	5	1	22
Bacteria;Bacteroidota;Bacteroidia	42844	77192	1	3541	2443	100	27834	4211	69035	40	121694	1905	43651	2569	4566	928	7	2	14037	46485	64251	3545	38197	3543	176	45356	106784	2831	4587	74417	57844	2619	58495	2220	72	92133	41	33	54734	75761	37196	0	62457	171	58678	86740	66359	84326	13921	55471	29668	77996	289	66041	18896	70420	53543	97885	49398	13847
Bacteria;Bdellovibrionota;Bdellovibrionia	0	0	0	0	0	0	0	0	9	0	0	0	0	0	0	0	0	0	0	0	0	0	0	0	0	0	0	0	0	0	0	0	0	0	0	0	0	0	0	0	0	0	0	0	0	0	0	0	0	0	0	0	0	0	0	0	0	0	0	0
Bacteria;Campylobacterota;Campylobacteria	2	1	0	222	0	0	60	0	0	0	0	0	96	0	4	0	0	0	0	0	0	0	0	1	0	0	0	0	0	0	0	0	2	0	0	0	0	3	0	0	0	0	0	0	0	0	140	0	0	0	1	0	5	0	1	0	28	0	2	0
Bacteria;Chloroflexi;?	0	0	0	0	0	0	0	0	16	0	0	0	0	0	0	0	0	0	0	0	0	0	0	0	0	0	0	0	0	0	0	0	0	0	0	0	0	0	0	0	0	0	0	0	0	0	0	0	0	0	0	0	0	0	0	0	0	0	0	0
Bacteria;Chloroflexi;AD3	0	0	0	0	0	0	0	0	9	0	0	0	0	0	0	0	0	0	0	0	0	0	0	0	0	0	0	0	0	0	0	0	0	0	0	0	0	0	0	0	0	0	0	0	0	0	0	0	0	0	0	0	0	0	0	0	0	0	0	0
Bacteria;Chloroflexi;Anaerolineae	0	0	0	0	0	0	0	0	63	0	0	0	0	0	0	0	0	0	0	0	0	0	0	0	0	0	0	0	0	0	0	0	0	0	0	0	0	0	0	0	0	0	0	0	0	0	0	0	0	0	0	0	0	0	0	0	0	0	0	0
Bacteria;Chloroflexi;Gitt-GS-136	0	0	0	0	0	0	0	0	16	0	0	0	0	0	0	0	0	0	0	0	0	0	0	0	0	0	0	0	0	0	0	0	0	0	0	0	0	0	0	0	0	0	0	0	0	0	0	0	0	0	0	0	0	0	0	0	0	0	0	0
Bacteria;Chloroflexi;Ktedonobacteria	0	0	0	0	0	0	0	0	50	0	0	0	0	0	0	0	0	0	0	0	0	0	0	0	0	0	0	0	0	0	0	0	0	0	0	0	0	0	0	0	0	0	0	0	0	0	0	0	0	0	0	0	0	0	0	0	0	0	0	0
Bacteria;Chloroflexi;SHA-26	0	0	0	0	0	0	0	0	11	0	0	0	0	0	0	0	0	0	0	0	0	0	0	0	0	0	0	0	0	0	0	0	0	0	0	0	0	0	0	0	0	0	0	0	0	0	0	0	0	0	0	0	0	0	0	0	0	0	0	0
Bacteria;Chloroflexi;TK10	0	0	0	0	0	0	0	0	73	0	0	0	0	0	0	0	0	0	0	0	0	0	0	0	0	0	0	0	0	0	0	0	0	0	0	0	0	0	0	0	0	0	0	0	0	0	0	0	0	0	0	0	0	0	0	0	0	0	0	0
Bacteria;Cyanobacteria;Cyanobacteriia	0	0	2	2	11	0	0	1	55	1	0	0	0	0	0	2	0	0	0	0	0	0	0	0	0	0	0	0	0	0	0	0	0	62	0	0	0	0	0	0	0	1	0	0	1	1	0	0	0	0	0	0	0	0	2	0	3	0	0	1
Bacteria;Cyanobacteria;Vampirivibrionia	0	7	0	0	3	0	0	0	2	0	0	0	0	0	0	0	0	0	0	0	0	0	0	0	0	0	4	12	0	126	0	5	0	0	0	0	0	0	4	0	0	0	0	0	0	0	0	0	0	0	0	0	0	0	0	54	0	0	134	0
Bacteria;Desulfobacterota;?	0	0	0	0	0	0	0	0	170	0	0	0	0	0	0	0	0	0	0	0	0	0	0	0	0	0	0	0	0	0	0	0	0	0	0	0	0	0	0	0	0	0	0	0	0	0	0	0	0	0	0	0	0	0	0	0	0	0	0	0
Bacteria;Desulfobacterota;Desulfobulbia	0	0	0	0	0	0	0	0	115	0	0	0	0	0	0	0	0	0	0	0	0	0	0	0	0	0	0	0	0	0	0	0	0	0	0	0	0	0	0	0	0	0	0	0	0	0	0	0	0	0	0	0	0	0	0	0	0	0	0	0
Bacteria;Desulfobacterota;Desulfovibrionia	20	250	0	65	0	0	0	1	35	0	0	0	0	0	0	0	0	0	0	0	7	0	71	16	0	0	272	52	172	184	0	341	8	0	0	88	0	0	43	829	94	0	8	0	0	0	20	5	0	115	0	0	3	285	1	10	0	0	550	13
Bacteria;Firmicutes;?	9	10	6220	726	0	42	15	37625	146	194	96	215	401	26	243	788	16	222	1	660	398	19734	6790	7363	0	6643	1	1395	1481	0	20427	1	55	4	329	5	0	30	9	0	4	2	8977	5067	1	26	0	3	17	8	1968	0	18	5	9	62	13	585	6	5
Bacteria;Firmicutes;Bacilli	4784	1223	533	2501	1353	6657	783	23724	4756	43530	633	9805	26129	29102	15543	52326	2867	75135	6805	5310	27836	11978	570	2740	24	18658	166	49482	19959	1293	20226	17311	47509	3203	32928	382	5	18629	12164	368	3274	81139	893	19770	26683	678	6845	6247	8214	7723	12066	54482	50558	1588	6067	3681	12431	4246	738	988
Bacteria;Firmicutes;Clostridia	120800	99518	54	56524	3278	170544	128080	89880	44291	2130	57435	3516	70389	963	68824	5586	12	6230	53728	103492	69266	109333	108949	108238	381	71578	51780	93042	72583	77244	52774	98973	65760	41427	13360	56725	109	133496	81989	90343	109343	37032	98487	89158	75934	84256	75523	68746	88442	98165	105651	29672	93009	74799	114795	82879	96529	55453	119357	153068
Bacteria;Firmicutes;Erysipelotrichi	166	16	0	0	28	163	0	87	0	0	14	0	24	0	77	3	0	0	0	19	16	6	3	136	0	3	1	9	9	1	0	11	2	3	0	0	0	0	7	2	18	0	1	7	4	74	0	5	15	4	7	4	16	0	5	5	22	16	38	92
Bacteria;Firmicutes;Incertae Sedis	0	0	0	0	0	0	0	0	0	0	0	0	0	0	0	0	0	0	0	0	0	0	0	0	0	0	4	0	0	0	0	0	0	0	0	0	0	0	82	0	0	0	0	0	0	0	0	0	0	0	0	0	0	0	0	0	0	0	0	0
Bacteria;Firmicutes;Negativicutes	246	269	0	3862	398	263	11868	493	6613	2	75	0	688	0	101	120	5	59	40054	20	1754	9	2245	887	73	7429	379	98	189	10	1295	82	728	116778	2	1547	0	61	25	462	2003	2	17	1351	2916	153	995	531	12	5204	3798	383	138	447	47	1066	1329	1913	4222	159
Bacteria;Fusobacteriota;Fusobacteriia	0	3	0	50	0	0	19	7	16	0	0	0	9	0	2	14	0	0	0	0	0	0	0	0	0	0	2	0	0	1	0	0	0	0	2	7	0	4	0	7	0	0	0	0	0	0	2	0	0	0	4	0	0	0	0	0	0	1	1	0
Bacteria;Methylomirabilota;Methylomirabilia	0	0	0	0	0	0	0	0	43	0	0	0	0	0	0	0	0	0	0	0	0	0	0	0	0	0	0	0	0	0	0	0	0	0	0	0	0	0	0	0	0	0	0	0	0	0	0	0	0	0	0	0	0	0	0	0	0	0	0	0
Bacteria;Myxococcota;Polyangia	0	0	0	0	0	0	0	0	24	0	0	0	0	0	0	0	0	0	0	0	0	0	0	0	0	0	0	0	0	0	0	0	0	0	0	0	0	0	0	0	0	0	0	0	0	0	0	0	0	0	0	0	0	0	0	0	0	0	0	0
Bacteria;Nitrospirae;Nitrospira	0	0	0	0	0	0	0	0	15	0	0	0	0	0	0	0	0	0	0	0	0	0	0	0	0	0	0	0	0	0	0	0	0	0	0	0	0	0	0	0	0	0	0	0	0	0	0	0	0	0	0	0	0	0	0	0	0	0	0	0
Bacteria;Patescibacteria;Berkelbacteria	0	0	0	45	0	0	0	0	0	0	0	0	0	0	0	0	0	0	0	0	0	0	0	0	0	0	0	0	0	0	0	0	0	0	0	0	0	0	0	0	0	0	0	0	0	0	0	0	0	0	0	0	0	0	0	0	0	0	0	0
Bacteria;Patescibacteria;Parcubacteria	0	0	0	0	0	0	0	0	11	0	0	0	0	0	0	0	0	0	0	0	0	0	0	0	0	0	0	0	0	0	0	0	0	0	0	0	0	0	0	0	0	0	0	0	0	0	0	0	0	0	0	0	0	0	0	0	0	0	0	0
Bacteria;Patescibacteria;Saccharimonadia	0	0	6	0	2	4	0	4	92	2	7	0	13	2	9	28	0	0	0	1	0	0	1	0	0	0	1	2	0	1	0	20	2	2	16	0	0	0	0	0	0	0	0	1	0	0	0	0	1	0	5	0	2	2	12	0	0	1	0	1
Bacteria;Proteobacteria;?	0	0	0	0	0	0	0	0	73	0	0	0	0	0	0	0	0	0	0	0	0	0	0	0	0	0	0	0	0	0	0	0	0	0	0	0	0	0	0	0	0	0	0	0	0	0	0	0	0	0	0	0	0	0	0	0	0	0	0	0
Bacteria;Proteobacteria;Alphaproteobacteria	4	0	0	2330	0	0	0	2	2841	0	0	0	0	0	5	6	3	0	0	0	0	0	575	0	0	0	0	0	0	0	0	116	0	1	0	0	0	0	5074	21	1	0	0	0	0	0	0	0	0	0	0	0	0	0	1	11	0	1	53	0
Bacteria;Proteobacteria;Betaproteobacteria	154	4	0	1	0	0	0	2	229	0	48	0	2	0	2	0	0	0	0	3	4	0	3	18	0	6	0	0	5	15	0	40	1	14	0	2	0	0	3	7	11	0	2	0	3	119	0	0	6	0	1	0	3	1	5	0	1	25	1	13
Bacteria;Proteobacteria;Gammaproteobacteria	1466	993	183415	137983	155815	5357	1566	4073	26596	80615	1385	154498	21476	157130	92601	107129	181799	103644	26188	2061	759	5771	1557	280	13	366	4377	5939	67139	194	3156	142	455	785	95682	14863	11	20025	1854	7772	92	47986	2121	38999	8711	1190	13639	3287	47535	674	6321	2502	30531	2932	4980	360	5321	20412	65	1976
Bacteria;Synergistota;Synergistia	0	0	0	0	0	0	0	0	27	0	0	0	0	0	0	0	0	0	0	0	0	0	0	0	0	0	0	0	0	0	0	16	0	0	0	0	0	0	0	0	0	0	0	0	0	0	0	0	0	0	0	0	0	0	0	0	0	0	0	0
Bacteria;Verrucomicrobiota;Verrucomicrobiae	1	2870	0	24	0	0	0	0	702	0	0	0	0	0	0	0	0	0	0	0	0	0	0	0	2	0	0	0	0	0	0	0	0	4	0	0	0	0	250	0	0	0	0	1	0	0	0	0	0	0	0	0	0	0	0	0	0	0	0	2
Eukaryota;Vertebrata;Mammalia	0	0	0	1	0	0	0	0	5	0	0	0	0	0	0	0	0	0	0	0	0	0	0	0	0	0	0	0	0	0	0	0	0	0	0	0	0	0	0	0	0	0	0	0	0	0	0	0	0	0	0	0	0	0	0	0	0	0	0	0
noHit;	0	17	117	26458	0	0	23	0	4055	0	2	70	2	73	205	3	160	309	0	0	0	0	0	0	0	0	14	1	2	22	0	1	0	42	0	17	0	34	0	1	0	21	0	0	0	0	0	0	10	1	48	2	21	11	12	0	0	0	2	9